-3.86610419	0.06987481	-1.98186534	1.16163321	0.59185802	0.72223262	0.29805262	-0.00655227	0.23133116	0.00451371	0.11350664	0.01193883	0.00932395	-0.2236978	-0.05891805	0.80745324	-0.42411497	-0.00627897	-0.07160493	0.06652502	0.02222873	0.04332655	0.02269688	0.06082539	-0.0218497	-0.00741956	-0.01990724	0.01771952	-0.00438422	0.01763147	-0.02661015	-0.01462038	-0.02009423	0.24758671	0.25103893	0.30526104	0.13544845	-0.1551909	0.00156839	-0.02934571	0.04813396	-0.01279427	-0.00090101	-0.01810482	-0.00290226	-0.00457582	0.0070255	0.00597834	0.00583564	0.00119638	-0.00366649	-0.00165665	0.02734163	0.01338505	0.0014395	-0.00469717	-0.00021546	0.00162939	0.00181248	0.00040769	0.00033628	0.00036527	0.00064236	-0.00014491	0.0008364	-0.0008479	0.00200595	-0.00067716	0.00183136	-0.00067236	0.00043028	-0.00051371	-0.00201946	-0.00254864	-0.00026374	-0.00158832	-0.00059299	-0.0010319	0.00255436	0.00010602	0.00026291	0.00066788	0.00084784	0.00055384	-0.00122072	-0.0019985	-0.00184451	-0.0001464	0.00026137	0.00062261	-0.0024423	0.00067442	0.00096061	-0.22035846	-0.15469053	-0.15350202	0.02025559	-0.09828734	0.1138996	-0.00494681	0.02111981	-0.0091157	0.02466524	-0.05836096	0.12973626	-0.00110437	-0.01102365	-0.0057243	0.01485741	0.00662492	0.00193075	-0.00237938	-0.00568995	-0.00453005	0.01553689	0.00130126	0.00497236	0.00975687	-0.00294921	0.00960364	-0.01664775	-0.00884062	-0.01393117	0.00020596	-0.00013013	-0.00020595	-0.00037061	0.00004087	-0.00041201	0.00022917	0.0005008	0.00019362	-0.00007998	0.00041595	0.00000788	1.2436911	-0.24517086	0.63947364	-0.00066135	0.00450285	-0.00463963	-0.00220395	0.00275937	0.00403184	-0.00025754	0.00003528	-0.00026169	-0.00109701	0.00030514	-0.00107678	0.00044311	0.00049129	0.00008671	-0.000215	-0.00008535	-0.00010578	0.00047159	0.00124388	0.00116843	0.00093848	-0.00000713	-0.00034947
0.06987481	-4.87232373	-1.31595378	0.33663966	1.55610171	0.62276227	0.21325558	-0.38125541	0.02661966	0.07004972	0.30920304	0.14809228	-0.39438569	0.1053145	-0.2318905	-0.16313207	1.94618656	0.40525211	0.1681069	0.27038176	0.25099323	-0.02760359	-0.04651396	-0.02727274	0.03224894	-0.00256738	0.02277961	-0.00526513	0.01505912	0.00259419	-0.01067754	0.04383788	0.01537185	0.14544857	-0.04712648	0.12711114	-0.2108351	0.11344786	-0.15758242	-0.00617981	0.01059971	0.02410757	0.00432413	0.01438683	-0.00489448	0.00543063	-0.01217303	-0.00080117	-0.00451111	0.00814238	-0.0008054	0.00697058	-0.02209805	-0.01322057	-0.00247375	0.00543387	0.00034987	-0.00194305	-0.00070695	-0.00005848	-0.00006737	-0.00015002	-0.00020635	0.00012769	-0.00037707	0.00039966	-0.00086787	0.00036838	-0.00084	0.00029521	-0.00020398	0.00006896	0.00100492	0.00109278	0.00038895	0.00140276	0.00158174	0.00029584	-0.00112069	-0.0002216	-0.00044019	-0.00037045	-0.00033877	-0.0001416	0.0005387	0.00089929	0.00080769	-0.00008083	-0.00003714	-0.00026961	0.00148006	-0.00056952	-0.00075217	0.4575701	0.35401365	0.48681968	-0.11297172	-0.00454564	-0.00903149	0.01281765	0.02723476	0.01192028	-0.03718326	-0.05503417	0.01576176	-0.0030251	0.00967902	-0.00001998	0.00330785	0.00128969	-0.00280414	0.0042362	0.01582092	0.00549288	-0.00494837	-0.00403199	-0.00568869	-0.00972001	-0.00499532	-0.00713917	-0.00390247	-0.00040164	0.01004095	-0.00019918	0.000303	0.00007745	0.00020643	0.0000879	0.00016376	-0.00004517	-0.0000687	-0.00017479	0.00001159	-0.0002283	-0.00005941	-0.29350528	0.81765467	-0.03099017	-0.00059034	0.0011269	-0.000632	0.00055097	-0.00063111	-0.00097687	0.00006504	0.00024091	0.000055	0.00044426	-0.00014071	0.00042291	-0.00021245	-0.00006794	-0.00010739	-0.00000627	0.00015673	0.00001482	-0.00024298	-0.00055288	-0.00056888	-0.00061332	0.00019946	0.00025688
-1.98186534	-1.31595378	-3.06643228	0.64369408	0.81379867	1.17511194	0.31288789	-0.12292422	0.13833434	-0.00648848	0.17441422	0.10361792	-0.11391697	-0.1141346	-0.15324768	0.09499894	0.21678757	0.73068195	0.04975829	0.17581425	0.04489276	0.04175618	0.00632288	0.01217319	-0.00301716	-0.00586499	-0.00526846	0.01678984	0.00738769	0.00870254	-0.0176171	0.00974197	-0.0207327	0.28528923	0.16986138	0.22535539	0.02365612	-0.15425168	-0.00740935	-0.01678778	0.02969972	-0.01744406	0.00680964	-0.0185909	0.00192782	-0.01065713	0.0178897	0.00372781	0.01454921	-0.00512267	-0.00390443	-0.00542388	0.04210147	0.01389254	0.003687	-0.008825	0.00005186	0.0037022	0.00157052	0.00118303	0.0005546	0.00147856	-0.00015118	-0.00015761	0.00063148	-0.00096513	0.00260142	-0.00079986	0.00228484	-0.00092865	0.0003305	-0.0004246	-0.00295515	-0.00345176	-0.00070514	-0.00268587	-0.0019954	-0.00150356	0.0037872	0.00002992	0.00067152	0.00069889	0.00110343	0.00051869	-0.00136136	-0.00286408	-0.002682	-0.00019158	0.00043859	0.00100301	-0.00268334	0.00082401	0.0010507	0.05428807	0.03916761	-0.01405754	0.10513035	-0.00610444	-0.10722756	-0.01234543	0.01676618	0.01633376	0.13727218	0.00912319	-0.0885056	-0.00401291	-0.00483522	-0.00309741	0.00396258	0.00129236	0.01447995	-0.00261189	0.00066852	0.00477319	0.00948223	-0.0024262	0.00708469	0.00361891	0.00138171	0.00317235	-0.02912807	-0.00587124	-0.0023645	0.00006194	-0.00036359	-0.00008676	-0.00061419	-0.00022508	-0.00029495	0.00032558	0.00014469	0.00055919	0.00023216	-0.00001599	0.00045898	0.54713746	0.05772725	0.79696778	-0.0005715	0.00185124	-0.00195504	-0.00127121	0.00131789	0.00228868	-0.0005272	-0.00059229	0.00005902	-0.00154554	0.00034593	-0.00141809	0.00070745	0.00048516	0.00024871	-0.00053923	-0.00018766	-0.00016451	0.00072514	0.00159481	0.00159726	0.00115658	-0.00007096	-0.00033778
1.16163321	0.33663966	0.64369408	-3.84358967	0.79882649	-1.78176487	1.90633926	-0.5113204	0.85230386	0.01778963	-0.45791566	-0.10964486	0.24710504	0.05549141	0.1791856	-0.23939157	0.24704633	-0.04476725	0.00547436	-0.00696765	0.01678488	-0.01246138	-0.0066845	-0.00945894	0.00918112	0.00111924	0.00662971	-0.00398148	0.00857877	-0.00056135	-0.01003109	0.00123909	0.00747851	0.00638392	-0.03927099	-0.00212924	-0.01420936	0.03459838	-0.00143233	0.00141559	-0.00593618	0.00070846	0.00072056	0.00295551	-0.00092208	0.00112109	-0.00361149	0.00143892	-0.00218982	0.00769297	0.00147629	0.01387379	-0.0083044	-0.0025975	-0.00161833	0.00208915	0.00002544	-0.00070808	-0.00044224	0.0000038	-0.00023346	-0.00010286	-0.00012738	0.00007794	-0.00032478	0.00033095	-0.00077316	0.00025699	-0.00067852	0.00012012	-0.00002883	0.00005465	0.00085958	0.00095982	0.00010511	0.00038005	0.00043569	0.00030272	-0.0009106	0.00010753	-0.00013753	-0.00041935	-0.00028684	-0.00011581	0.00028371	0.00078303	0.00076046	-0.00009039	-0.00015957	-0.00022159	0.00115916	-0.00034365	-0.0005593	1.64038729	-1.637376	-0.00858334	0.30406742	-0.24274349	0.17465033	-0.07776746	-0.03618807	0.04522985	0.02658565	0.00365646	0.00491634	0.00033995	-0.00001048	0.00152802	-0.00209068	-0.001291	-0.00367568	0.0042835	0.0068132	-0.00422153	-0.00579922	-0.00020354	-0.00294213	0.00029112	0.00025092	0.0000727	0.00721598	-0.01768491	0.00852343	-0.00032582	0.00015843	-0.00001267	-0.00002056	0.00016299	0.00004149	-0.00027664	0.00016645	-0.00017935	-0.0002097	-0.00000682	-0.00019776	0.19664057	0.09306647	0.17120642	0.00018571	-0.00085716	0.00127268	0.00076069	-0.00065114	-0.00128939	0.00003763	0.00007812	-0.00004015	0.00033796	-0.00012057	0.00031576	-0.00025302	-0.00015485	-0.00003929	0.00006061	-0.00000934	0.00001332	-0.00024697	-0.00036644	-0.00041046	-0.00041634	0.00009831	0.00022067
0.59185802	1.55610171	0.81379867	0.79882649	-5.35475308	-0.97666948	-0.84731907	1.19639902	-0.33196026	-0.22462808	0.14133687	-0.08626709	0.01239063	-0.00246074	-0.00104826	0.09160835	0.17856655	0.15042042	-0.01504123	0.03777124	0.01246189	0.00782708	-0.00211474	0.00692575	-0.00018424	0.00500368	0.00091567	-0.00486721	0.00000051	-0.00358831	0.00166307	-0.01209722	0.00228491	-0.03541681	0.01078433	-0.01974173	0.00194395	-0.00664746	-0.00153995	0.00060093	-0.00360427	-0.00009568	-0.00026838	0.00256494	0.00037857	-0.00164429	0.00278773	-0.00261247	0.00171375	-0.00308221	0.00156312	-0.00365764	0.00336703	-0.00508148	0.00041507	-0.00059413	0.00008328	0.00043026	-0.00012519	0.0000351	-0.00008862	-0.00009028	0.00006237	-0.00000079	-0.0001594	0.00010621	-0.00024485	0.00001657	-0.00015119	0.00015256	0.000104	0.00003304	-0.00006387	0.00013995	-0.00007615	0.00012742	-0.00064958	-0.0003758	-0.00045012	0.00015865	0.00021676	0.00003883	-0.00003236	-0.00008603	-0.00001589	0.00028999	0.00029271	0.00025921	-0.00025484	-0.00015733	-0.00110524	0.000556	0.00105424	-1.63281436	8.41501111	1.42289495	0.39309373	-0.2498871	0.21915793	-0.05012943	0.12261363	0.06316511	0.00707666	-0.01010508	-0.00985257	-0.00165166	-0.00216543	-0.00089	0.00390876	0.00067807	0.00211241	0.00192324	-0.00226575	-0.00345311	0.00010397	0.00072081	0.00141984	-0.00118467	-0.00169531	0.00150884	-0.00054233	-0.0091556	0.00822856	0.00002817	-0.00001585	0.00003743	0.00008207	0.00005228	0.00009682	0.00012125	0.00010513	0.0000606	0.00008317	0.00045104	0.00014495	-0.00932944	-0.12288268	-0.05058118	0.00022261	-0.00039637	0.00090403	-0.00024346	0.00010277	0.00024604	0.00002148	0.0000706	-0.0000079	0.00006669	-0.00005147	0.00007878	0.00003227	0.00007922	-0.00003687	0.00013809	0.00010194	0.00001113	0.00001136	-0.00011397	-0.00006418	0.00049847	-0.00032267	-0.00028245
0.72223262	0.62276227	1.17511194	-1.78176487	-0.97666948	-2.53754891	0.73645387	-0.10302559	0.92797255	-0.02104913	-0.24743969	-0.1681593	0.15947393	0.03138046	0.14840403	-0.10051892	0.25955072	-0.02687941	0.01330804	0.01621733	-0.00773551	-0.00210863	-0.00273241	-0.0069525	0.00365521	0.00315385	0.00534824	-0.00422739	0.00305496	-0.00175213	0.0062052	0.00462767	-0.00656838	0.00019901	-0.025038	-0.02050061	-0.01709247	0.02625497	0.00349274	0.000742	-0.00440709	-0.00053807	0.00077605	0.00157512	-0.00079411	0.0007298	-0.00166688	0.00091704	-0.00284519	0.00343042	0.00007687	0.00275431	-0.00661328	-0.00099156	-0.00044453	0.001324	-0.00013375	-0.00040088	-0.00024421	-0.00015149	-0.00016437	-0.0003203	-0.00002533	0.00004792	-0.00012743	0.0000819	-0.0005711	0.00013057	-0.00055654	0.00013877	0.00001564	0.0000166	0.00044486	0.00046535	0.0001285	0.00058855	-0.00004743	-0.00014958	-0.00081064	0.00001539	-0.0001714	-0.0001411	-0.00028431	-0.0003654	0.00013182	0.00077148	0.00062547	0.00024001	-0.00039478	-0.00054238	-0.00061353	0.00031132	0.00083089	-0.02125544	1.42643028	1.3585569	0.40906663	-0.2304932	0.12096477	0.03800045	0.07393063	-0.10208448	0.00060133	-0.01222599	0.02880848	0.00104775	-0.00019502	-0.00105937	-0.00227778	-0.00171215	0.00102605	-0.00368451	0.00045375	0.00673	-0.00346262	0.00036315	-0.00203777	-0.00113384	-0.00059811	-0.00097006	0.00520762	-0.0027375	0.00104376	-0.00010873	0.00000321	-0.00014581	-0.00003742	0.00010748	-0.00004209	-0.00008953	-0.00001492	-0.00028692	-0.00015778	0.00019933	0.00005124	0.15051449	0.03046477	0.10781161	0.00014983	-0.00044131	0.00067078	0.0004471	-0.00053445	-0.00104005	0.00004649	0.00007241	-0.00000219	0.00019314	-0.0000984	0.00021473	-0.00010607	-0.00013356	-0.00000345	0.00016227	0.00002032	-0.00004301	-0.00012606	-0.00037665	-0.00043094	0.00017758	-0.00012118	-0.000312
0.29805262	0.21325558	0.31288789	1.90633926	-0.84731907	0.73645387	-4.05153625	0.47213434	-1.98878779	0.87260348	-0.2439127	0.18953281	-0.25977207	0.07471585	-0.11326349	0.15476534	-0.15601879	0.02073211	-0.01303586	-0.01714112	-0.02229456	0.00446595	0.00808498	0.00562976	-0.0065906	-0.00368949	-0.00552068	0.00788519	-0.00538722	0.0028454	0.00040305	0.00539423	-0.00001017	0.01207231	0.00009298	0.01542286	0.00207747	-0.01005742	0.00078424	-0.00131544	0.00073316	-0.00018855	0.00017318	-0.00186035	0.00029807	-0.00072778	0.00223429	-0.00006183	0.00178389	-0.00238738	-0.00108191	0.00107525	0.00211566	0.00044077	0.00082144	-0.0011396	0.00003568	0.00054704	0.00010214	0.00038525	0.00011864	0.00051858	-0.00006336	0.0000572	0.00007954	-0.00013316	0.00045423	-0.00013088	0.00041882	-0.00022259	0.00006281	-0.0000571	-0.00033418	-0.00053454	-0.0000287	-0.00068109	-0.00020481	-0.0000678	0.00065078	0.00009901	0.00007984	-0.00004436	0.0002422	0.00018851	-0.00018976	-0.00068243	-0.00055843	-0.00029381	0.0002515	0.00042939	0.00050168	-0.00016848	-0.00056632	0.04340064	-0.02006997	0.06905934	3.81070143	2.29411404	2.86653666	0.08555308	-0.6641764	-0.14333406	-0.01585415	0.04831506	0.14688993	-0.00020408	0.0005729	-0.00142467	-0.0001999	0.00172804	0.00179423	-0.00052664	-0.00101839	0.0008173	0.00366983	-0.00096549	0.00296909	0.00082129	0.00186337	-0.00103318	0.00722654	-0.00036992	-0.00044807	-0.00011733	0.00014863	0.00008956	0.00002524	0.00004236	0.00001405	0.0000452	0.00012539	0.00025457	0.00013324	-0.00010277	0.00009608	-0.0609621	0.02454356	-0.00720975	0.00004725	0.00034173	-0.00051734	-0.0003171	0.00027887	0.00039537	-0.00006307	-0.00008142	0.00001561	-0.00027697	0.00006546	-0.00028103	0.00010729	0.00011531	0.00004561	-0.00008688	-0.00005514	-0.0000127	0.00011259	0.00042336	0.00037745	-0.00014774	0.00004917	0.00023656
-0.00655227	-0.38125541	-0.12292422	-0.5113204	1.19639902	-0.10302559	0.47213434	-4.85140137	-1.03340073	-0.59516985	2.28987092	0.22541423	0.31894957	0.27236256	0.34777917	-0.22225933	0.2281974	-0.08940007	0.04687254	0.03204006	0.04383956	-0.01070148	-0.02183049	-0.01706591	0.01937255	-0.00371076	0.01294284	-0.00789218	0.01771159	-0.0000263	-0.00808619	-0.00418256	-0.00510363	-0.00060266	0.02158244	0.00914958	-0.0126762	0.0121154	0.00104123	0.00156548	-0.00246902	0.00022408	0.00019353	0.00107332	0.0000287	0.00139992	-0.00229953	0.00068936	-0.00112771	0.00159463	-0.00017212	-0.0002782	-0.00301718	-0.00134656	-0.0005581	0.00095693	0.00001846	-0.00037075	-0.00010249	-0.0001176	0.0000281	-0.00021922	0.00011093	0.00003594	-0.00016747	0.00017798	-0.00019046	0.00007946	-0.00016984	0.0001468	-0.00001528	-0.0000479	0.0004105	0.00042467	0.00011708	0.00033033	0.00038196	0.00025061	-0.00024568	-0.00004967	-0.00006377	-0.00017503	-0.00011132	0.00000375	0.00024977	0.00028282	0.00033768	-0.00017276	-0.0000483	-0.00001635	0.00061113	-0.00025702	-0.00024528	-0.654533	0.22758831	-0.35805967	2.2898174	3.70405331	2.59693605	-0.01285101	0.21175643	0.08842852	0.02356481	-0.02539202	0.08652323	-0.00046406	-0.00096203	-0.00098477	0.00041756	-0.00155765	0.0009546	0.00120417	0.0034003	0.00083865	-0.00230698	-0.00110549	-0.00052006	0.00112739	0.00064871	0.00041626	-0.00356384	0.00204274	-0.00175754	0.00020653	-0.00002489	0.00010798	0.00028297	0.00002421	0.00021103	0.00024463	0.0000302	-0.00001821	0.00004261	0.00005997	-0.00010957	0.0365283	0.00758432	0.03425826	0.00005357	-0.00020137	0.0001723	0.00040644	-0.00022392	-0.00027076	0.00007427	0.00014479	-0.00001853	0.00013387	-0.00006871	0.00012834	-0.00006696	-0.00000829	-0.0000535	-0.00000884	0.00010189	0.00002842	-0.00004509	-0.00022189	-0.00017282	-0.00015	0.00005118	0.00013579
0.23133116	0.02661966	0.13833434	0.85230386	-0.33196026	0.92797255	-1.98878779	-1.03340073	-2.78519293	0.06120905	0.47164899	0.69602998	-0.02370816	0.17442572	-0.0131256	-0.00106225	-0.04405299	0.02467904	0.00191377	-0.00406746	0.00852494	-0.0018061	-0.00283402	-0.00065765	0.00310163	-0.00394552	-0.00009475	0.00172824	0.00218385	0.00329596	-0.00311999	0.00171389	-0.001348	0.01298418	0.0122813	0.00848279	0.00033696	0.00667977	-0.00212753	0.00104865	-0.00138505	0.00176121	-0.00200131	0.00141346	0.00131068	-0.00007045	0.00176872	-0.00282118	0.00178095	-0.00550462	0.00046989	-0.00508313	0.00131546	0.00234055	0.00100464	-0.00096016	-0.00014183	0.00048577	0.000092	0.00012605	0.0001727	0.00022479	-0.00001859	0.00010619	0.00004269	-0.00011508	0.00034248	-0.00011835	0.00022955	-0.00007501	-0.00000832	-0.00001382	-0.00017437	-0.00043643	0.00010887	-0.000295	-0.00022719	0.0000666	0.00052338	-0.00009011	-0.00001625	-0.00001302	0.00004069	-0.00005568	0.00002933	-0.00032774	-0.00024125	-0.00009381	0.00005642	0.00017332	0.00011405	-0.00008265	-0.00004492	-0.14703251	0.08479871	-0.14427592	2.85755745	2.61078135	3.86579007	0.09419441	-0.37585286	-0.1229309	0.14008018	0.10141754	-0.06290775	-0.00141032	-0.00072438	0.00030342	0.00130539	0.00103614	0.00003866	0.0004318	0.00027827	0.00056627	0.00315248	-0.00066632	0.00023713	0.00140713	0.00098442	-0.00042789	0.00713291	0.00304126	-0.00313449	0.00023741	-0.00011988	0.00012053	0.00021875	-0.00012715	0.00015067	0.00034475	-0.00016838	0.00018567	0.00022252	-0.00016352	0.00029582	0.00041138	0.02454429	-0.0273931	-0.00000605	0.00008786	-0.00031288	-0.00023169	0.00004815	0.00016891	0.00000863	-0.000104	0.00012063	-0.00019027	-0.00000232	-0.00014806	0.00011525	-0.00003224	0.00008951	-0.00002493	-0.0000462	-0.00001678	0.00012531	0.00011769	0.00012322	0.00002356	0.00000831	0.00004992
0.00451371	0.07004972	-0.00648848	0.01778963	-0.22462808	-0.02104913	0.87260348	-0.59516985	0.06120905	-4.18188649	0.77007418	-2.01396491	1.32661215	0.64976193	0.86193529	0.26340401	0.02796165	0.24198944	-0.02965544	-0.04770708	-0.00604871	0.00591801	0.00919532	0.00753993	-0.00998775	0.00696076	-0.00526649	0.00242189	-0.01057048	-0.00134468	0.00666664	0.00287088	0.00474298	0.00229928	-0.02539774	-0.00639028	-0.00273334	0.0080666	-0.0004122	0.00076259	-0.00148637	0.00013554	0.00009483	0.00102416	-0.00070506	0.00036617	-0.00040004	-0.00002668	-0.00104238	0.00085194	0.00049339	0.0002051	-0.00260185	-0.00011299	-0.00030095	0.00046464	-0.00002429	-0.00027242	-0.00022267	0.00005171	-0.0001743	0.0001628	-0.00011809	-0.00002669	-0.00015485	0.00010489	-0.0004037	0.00010078	-0.00028917	-0.00010306	0.00002796	0.0000011	0.00025392	0.00032842	0.00002707	-0.00010003	0.00004434	0.00006389	-0.00042526	0.00014845	-0.00005752	-0.0002949	-0.00008839	-0.00006688	-0.00003976	0.00026203	0.00024857	-0.00012608	-0.00008022	-0.00012544	0.00021705	-0.00005317	-0.00010581	0.03486982	-0.07556258	0.13934667	-0.18558451	0.50057914	0.0999862	6.2328425	-2.48732378	2.89975319	-0.21023344	-0.1759576	-0.15682177	0.00080444	0.00934858	0.003215	0.0003682	0.00123219	-0.00028446	0.00040083	0.00066954	-0.0008094	0.00293009	0.00061066	0.00300774	-0.00102014	0.00063717	-0.0011979	0.00118698	0.00009563	0.00086472	-0.00060002	0.00019802	-0.00007087	-0.00030257	0.00012413	-0.00007036	-0.00046197	0.00013032	-0.00009349	-0.00035974	0.00001225	-0.00005506	0.03169867	0.00314116	0.02115823	0.00001277	-0.00026286	0.00028642	0.00010831	-0.0002155	-0.00046628	-0.00005717	0.00000851	-0.00002243	0.00004499	-0.00004384	0.00006881	-0.0001499	-0.0000315	-0.00002471	-0.00000862	-0.00002338	-0.00001818	-0.00016052	-0.00006629	-0.00013254	-0.00015932	0.00001353	0.00006722
0.11350664	0.30920304	0.17441422	-0.45791566	0.14133687	-0.24743969	-0.2439127	2.28987092	0.47164899	0.77007418	-4.74888458	-0.82280622	0.31727446	1.4424914	0.59796256	0.24208167	-0.33316593	0.06903107	-0.09518267	-0.02438768	-0.06114626	0.01227613	0.03012342	0.02076965	-0.01815522	-0.00157316	-0.01441085	0.0123538	-0.01338221	0.00463829	0.00138628	0.00732467	0.00101232	0.01442149	-0.02716163	0.0004196	0.00704579	-0.01169344	-0.00013301	-0.00240642	0.00131434	-0.00087163	-0.00041524	-0.00242212	0.00023751	-0.00278889	0.0064204	-0.00194365	0.00337025	-0.006442	0.00055521	-0.00207625	0.00564686	0.00184123	0.00184358	-0.00292514	-0.00007351	0.00160783	0.0000031	0.00048714	0.00005893	0.00056114	-0.00024159	-0.00012062	-0.00002862	-0.00032324	0.00056446	-0.00032666	0.00056564	-0.00022719	0.00005659	-0.00012494	-0.00099942	-0.00083691	-0.00033507	-0.0010546	-0.00126849	-0.0004722	0.00083163	0.00008289	0.00025267	-0.00000919	0.00032495	0.00009868	-0.00025522	-0.00107416	-0.00096717	-0.00017462	0.00024756	0.00041836	-0.00038906	0.0001135	0.0000129	-0.058219	-0.05675267	0.01194229	-0.15226729	0.31236657	0.03947147	-2.48516733	2.59500886	-1.14568375	0.46828874	0.3421115	0.48809076	0.00040287	-0.00630225	-0.00202749	-0.00062923	0.00191775	-0.00107802	-0.00034725	-0.00265247	-0.00057967	0.0004699	-0.000529	-0.00044009	0.00020652	0.00100114	-0.00140042	0.00640024	0.00179604	-0.00201363	-0.00017959	-0.0002699	-0.00018703	-0.0002714	-0.00033324	-0.00023506	0.0000434	-0.00023895	0.00010629	0.00003804	-0.00046741	0.00009737	-0.03044914	0.02304702	-0.01439127	0.0000002	0.00033508	-0.00039502	-0.00050742	0.00025134	0.00043058	-0.00003168	-0.00016906	0.00001595	-0.00044644	0.00003274	-0.00042089	0.00018763	0.00017439	-0.00002915	-0.00015649	0.00000483	-0.00005056	0.00020205	0.00043071	0.0004629	0.00015147	-0.00012647	0.00002813
0.01193883	0.14809228	0.10361792	-0.10964486	-0.08626709	-0.1681593	0.18953281	0.22541423	0.69602998	-2.01396491	-0.82280622	-2.70919971	0.73497917	0.83103727	1.29650224	0.32042496	-0.08400519	0.1410182	-0.02116374	-0.02379107	-0.07383837	0.00869572	0.01744789	0.01380415	-0.01451098	0.00412702	-0.00832305	0.00709059	-0.01223998	-0.00046054	0.00467662	0.00468684	0.00531634	0.00668496	-0.02950343	-0.00541464	0.00035617	-0.00066037	0.00153108	-0.00015344	-0.0007727	-0.0007318	0.00029738	-0.00058062	-0.0004609	-0.00109523	0.00229051	-0.00067869	0.00081735	-0.00169414	0.00090161	0.00035849	0.00101272	-0.00012525	0.00068372	-0.00098688	-0.00018063	0.00071193	-0.00013097	0.00009116	0.00002748	0.00038494	-0.00040831	0.00003006	-0.00007962	-0.00023022	0.00009689	-0.00005366	-0.00010923	-0.00010768	-0.00000634	-0.00012848	-0.00015667	-0.0001843	-0.00017309	-0.00038684	-0.00056136	-0.00027181	0.0002854	0.00005195	-0.00012547	-0.00016661	-0.00003119	-0.00033151	0.00009154	-0.00005865	-0.00019218	-0.00003096	-0.00000289	-0.00009042	0.00009208	0.00003243	-0.00011243	0.1449557	-0.00586865	-0.09842046	-0.13000249	0.49276879	0.00728714	2.90182544	-1.14700918	2.53436121	0.09326894	0.03834061	-0.01994703	0.0003619	0.00400416	0.00215045	-0.001057	0.00078102	0.00104458	-0.00099367	-0.00138304	0.00094734	0.00288168	0.00038379	0.00085574	-0.00041072	0.00096943	-0.00162475	0.00249396	-0.00085903	0.00135187	-0.00009567	-0.00004249	-0.00054805	-0.00003324	-0.00009785	-0.00049032	0.0000904	-0.00014767	-0.00045415	0.00006448	-0.00019544	-0.00027628	0.0044953	0.00910931	0.0185892	0.00002988	-0.0001186	0.00011452	0.00000374	-0.00012444	-0.00031143	-0.00003682	-0.0001719	0.00002973	-0.00015867	-0.0000256	-0.00018836	0.0000296	-0.00007326	-0.00002028	-0.00007276	-0.0000525	-0.00012355	0.00003916	0.00000805	-0.00010199	-0.00001138	-0.00006703	-0.00006321
0.00932395	-0.39438569	-0.11391697	0.24710504	0.01239063	0.15947393	-0.25977207	0.31894957	-0.02370816	1.32661215	0.31727446	0.73497917	-3.84902076	0.76592189	-1.75130674	1.79821145	-0.59044275	0.74729189	0.20624366	-0.00053938	0.15406248	-0.03177147	-0.04692032	-0.0438098	0.03178606	-0.00995311	0.01924607	-0.01395291	0.02165274	-0.00340275	-0.00540796	-0.01219711	-0.00352459	-0.01734336	0.06759777	0.03014231	-0.00622556	0.00117657	0.00189186	0.00166839	0.00062347	0.00093379	0.00013175	0.00164438	0.00085927	0.0028074	-0.00638147	0.00200728	-0.00213493	0.00578176	-0.00189276	0.00065196	-0.00275234	-0.00174555	-0.00172376	0.0025954	0.00001908	-0.00171847	0.00012667	-0.00038966	0.00001132	-0.00074821	0.00052871	0.0001622	-0.00009707	0.00023151	-0.00028437	0.00002776	-0.00027362	0.0001241	-0.00009607	-0.00009349	0.00075095	0.00013236	0.00037198	0.00098422	0.00139643	0.00032894	-0.00058958	-0.0003485	-0.00029339	0.0000512	-0.00023981	0.00014183	-0.00009018	0.00025886	0.00037862	-0.00002825	-0.00030243	-0.00023633	0.00017706	-0.0003236	-0.00004587	0.02889783	0.01738213	0.006204	-0.0612631	-0.08435819	0.04031712	0.29096287	0.41488235	0.40402657	1.79635963	-1.85684653	-0.07371976	-0.0091617	0.00105193	-0.00851651	-0.00036956	-0.00207326	-0.00036921	0.00010608	0.00147831	0.00096812	-0.0008596	0.00015199	0.00186497	0.00054644	-0.00192075	0.00206132	-0.00595049	-0.00222236	0.00068572	0.00016793	-0.00034188	0.00017827	0.00029258	-0.00018277	0.00017177	-0.00001981	-0.00018277	-0.00007178	0.00004554	-0.00022074	-0.00007347	-0.02434729	-0.01505402	-0.01261709	-0.00002621	-0.00002541	-0.00009199	0.00018529	0.00003073	0.00011815	-0.00001109	0.00023677	-0.00013727	0.00022724	-0.00011685	0.00018371	-0.00007581	-0.00004079	-0.00000013	0.00014506	-0.00003911	0.0000159	-0.00008782	-0.00018136	-0.00014505	-0.00002352	0.00005318	0.00000765
-0.2236978	0.1053145	-0.1141346	0.05549141	-0.00246074	0.03138046	0.07471585	0.27236256	0.17442572	0.64976193	1.4424914	0.83103727	0.76592189	-5.27364201	-1.05831661	-0.78122756	1.19993213	-0.27454518	0.07195599	-0.11369774	0.00929588	0.00888892	-0.00357016	0.00480078	-0.0067037	0.00455332	-0.0034978	0.00300323	-0.00369273	0.00025623	0.0025198	-0.0093452	0.00002021	0.01698069	0.01394984	0.02951721	-0.01184288	0.00202654	-0.00628906	0.0005301	0.00098449	0.00177431	0.00089981	0.00201917	0.00024042	0.00114078	-0.00216965	0.00005345	-0.00063926	0.00105601	-0.00075439	-0.00012341	-0.00184251	-0.00091759	-0.00048815	0.00108302	0.0000214	-0.00061785	-0.00004687	-0.00009757	0.00012888	0.00014765	-0.00003534	0.00002957	-0.00012216	0.0001385	-0.00004915	0.00015109	-0.00009236	0.00000087	-0.00004383	-0.00010452	0.00038885	0.00031874	0.00011007	0.00030582	0.00067659	0.00019891	-0.00001191	-0.00006035	-0.00011092	-0.00016282	-0.00005089	-0.00000141	0.00019913	0.00019052	0.00017407	-0.00003747	0.00005609	-0.00000616	0.00049933	-0.00020798	-0.00025265	0.00887054	-0.01072824	-0.00629304	-0.06792981	0.12321786	0.05147668	-0.2300183	-0.25447046	-0.23350254	-1.88345938	8.1827519	1.39817874	0.00251023	0.01541487	0.00465049	0.00202068	0.00112831	0.00095429	-0.00046789	0.00056308	0.00040481	0.00938105	0.00195567	0.00758149	-0.00090164	0.00051805	-0.00130321	0.00135536	0.0001292	-0.00076165	0.00004337	0.0002021	0.00005158	0.00012619	0.00018471	0.00011001	0.0001552	0.00017775	-0.00003663	0.00015849	0.00021722	-0.00011119	-0.0017592	0.03200989	0.02062838	-0.00011666	0.00018913	-0.00020564	0.0000896	0.00002238	-0.00004953	0.00002329	0.00007903	0.00002588	0.00003047	-0.00002365	0.00003174	-0.00007225	0.0000593	-0.00005385	-0.00011223	0.00011659	0.00000053	-0.0000309	-0.00013833	-0.00012874	-0.00011264	0.00009325	0.00012258
-0.05891805	-0.2318905	-0.15324768	0.1791856	-0.00104826	0.14840403	-0.11326349	0.34777917	-0.0131256	0.86193529	0.59796256	1.29650224	-1.75130674	-1.05831661	-2.66278607	0.67355771	-0.14084006	0.88085771	0.18403546	-0.0405858	0.11404349	-0.02224812	-0.03789482	-0.0281248	0.02115841	-0.00635561	0.01410247	-0.01051244	0.01477642	-0.00084147	-0.00019569	-0.01167866	-0.00673618	0.01404421	0.06517663	0.0124116	-0.00264782	0.00903959	-0.01139196	0.00047389	0.00237692	0.00326825	-0.00032273	0.00250376	0.00016077	0.00298083	-0.00652041	0.00145538	-0.00279623	0.00483416	-0.0015047	0.00055688	-0.00504063	-0.0017088	-0.00164169	0.00272775	-0.00000346	-0.0016567	0.00013905	-0.00043439	0.00001674	-0.00054545	0.00035299	0.00007898	-0.00004074	0.00021109	-0.00033546	0.00014967	-0.00031945	0.00005357	-0.00010254	-0.00003241	0.0007383	0.00031912	0.00046996	0.00096353	0.00140944	0.00043491	-0.00055751	-0.00033893	-0.0003715	-0.00015003	-0.00030343	-0.00010537	0.00013256	0.00063419	0.00063749	-0.00007537	-0.00022456	-0.00026141	0.00032623	-0.00031612	-0.00005358	0.00466806	0.00002283	0.02906034	0.0444399	0.04142092	-0.11368012	0.16678557	0.22447571	0.13997031	-0.09749191	1.4134388	1.4228065	-0.00852517	0.00565892	-0.0011382	0.00040286	-0.00099651	0.0002118	0.00051603	0.00178338	-0.00049722	0.00537975	0.00150243	0.00203223	0.000161	-0.00126475	0.00151368	-0.00332233	-0.00087884	0.00008532	0.00000402	-0.00007112	0.00025944	0.00004417	0.00006111	0.00033484	-0.00010516	-0.00005403	-0.00006204	-0.0001725	0.00008775	0.00006305	-0.00581708	0.00492864	-0.01909368	-0.00017701	0.00025935	-0.00023376	0.00020457	-0.00003379	0.00000694	-0.00004224	0.0001861	0.00001685	0.00014777	-0.00008981	0.00022575	-0.0001378	-0.000115	0.00005833	0.00001089	0.00002226	0.00001276	-0.00012632	-0.00035998	-0.00035418	-0.00014502	0.00008857	0.00001533
0.80745324	-0.16313207	0.09499894	-0.23939157	0.09160835	-0.10051892	0.15476534	-0.22225933	-0.00106225	0.26340401	0.24208167	0.32042496	1.79821145	-0.78122756	0.67355771	-4.4480206	1.03727636	-2.03962619	1.1788345	0.1442048	0.58899785	0.03449911	0.12724799	0.07702264	-0.09450637	0.00036495	-0.03161055	0.03004292	-0.04924096	-0.00204216	0.01563841	-0.01451041	0.02103614	0.26103577	-0.18038219	0.17098554	0.02564292	-0.00016187	0.0378627	0.00158659	-0.00905985	-0.00596037	-0.00104214	-0.00425753	0.00046955	-0.00269141	0.00695861	-0.00058987	0.00255378	-0.00428227	0.00184981	-0.00115891	0.00458313	0.00411207	0.00152692	-0.00301122	-0.00011665	0.00170669	-0.00023457	0.00055599	0.00001964	0.00063476	-0.00025383	0.00006979	-0.00015033	-0.00008693	0.00029816	-0.00021485	0.00030704	-0.00011838	0.00007315	0.00006145	-0.00034112	-0.00032144	-0.00024058	-0.00097872	-0.00151608	-0.00017033	0.00051994	0.000284	0.00037781	-0.00003436	0.00013451	0.00008213	-0.00008099	-0.00055897	-0.00036153	0.00002177	0.00001353	0.00028968	-0.00008646	0.00017226	0.00014442	-0.00157392	0.04040388	0.12995489	0.01672534	-0.02364269	-0.01476231	-0.04906963	0.03499187	0.11639548	0.05449093	-0.0523851	0.06856988	0.037522	0.00570309	-0.03895273	-0.02038483	-0.00668626	-0.00178441	0.00381614	-0.00073096	-0.00593342	0.02177027	0.00590226	0.01641537	0.00128091	0.0031365	-0.00264364	0.00207556	0.00368335	-0.00274405	0.00007147	-0.0001968	0.00009606	0.00016099	-0.00021847	0.00006687	0.00025505	-0.00010645	0.00036041	0.00028221	-0.00035051	0.00038759	0.17254845	-0.20477625	0.101549	0.00048842	-0.00067738	0.00063377	0.00003992	-0.00029016	-0.00042623	0.00003964	-0.00027949	0.00006928	-0.00018818	-0.00001566	-0.00020482	0.00008374	-0.00002623	0.00005204	0.00004451	-0.00012761	0.00001045	0.0001188	0.00027612	0.00031616	0.00013742	-0.00014862	0.00008712
-0.42411497	1.94618656	0.21678757	0.24704633	0.17856655	0.25955072	-0.15601879	0.2281974	-0.04405299	0.02796165	-0.33316593	-0.08400519	-0.59044275	1.19993213	-0.14084006	1.03727636	-4.42823294	-0.50324598	0.26692279	0.87431582	0.35553893	0.19968244	0.05845106	0.17206592	-0.04681082	0.04057541	-0.00313142	0.01476325	-0.01151741	0.00383512	-0.02270892	0.0274978	0.0010336	-0.07870537	-0.06249223	-0.06486737	0.0202677	-0.04136264	-0.00100336	-0.0094861	0.0106138	-0.00277285	-0.00025085	-0.00660644	-0.0001071	-0.00210816	0.00277116	0.0022272	0.00351517	0.00193649	-0.00059193	-0.00093987	0.01036086	0.00169792	0.00034346	-0.00188195	0.0000195	0.0006888	0.00066743	0.00016899	0.00009344	0.0000031	0.00037873	-0.00015194	0.00026958	-0.00037233	0.00092733	-0.00036947	0.00091285	-0.00030821	0.00015374	-0.00030274	-0.00091003	-0.00110081	-0.0001654	-0.00055064	-0.0002317	-0.00046824	0.00112925	-0.00012325	0.00013481	0.00022921	0.00040999	0.00027612	-0.00052078	-0.00111773	-0.00105169	-0.00015647	0.00018737	0.00034077	-0.00100645	0.00019155	0.00030826	0.01011387	-0.03482522	0.05494653	-0.01127452	0.01448687	-0.01434527	0.04853352	0.02671305	0.11599845	-0.66981445	0.23533859	-0.34745434	0.01251352	-0.03663871	-0.03487236	0.02332435	-0.00032511	0.02423594	0.0024483	-0.0050875	-0.00405865	-0.03029721	-0.00291304	-0.02428448	0.00068055	-0.00127125	0.002747	-0.01094838	0.00236815	0.00346594	0.00011469	-0.00029804	-0.00012839	-0.00020608	-0.00009456	-0.00016187	0.00004917	0.00006959	0.00003157	-0.00003947	-0.00006616	0.00003639	-0.27674994	0.23016914	-0.09472404	-0.0000529	0.00112604	-0.00089377	-0.00053844	0.00070263	0.00105296	-0.00013074	0.00008967	-0.00013718	-0.00056776	0.00010836	-0.00052062	0.000197	0.00027865	-0.0000051	-0.00022302	0.00004402	-0.00005513	0.00023886	0.00053492	0.00055933	0.00038858	0.00001898	-0.00011694
-0.00627897	0.40525211	0.73068195	-0.04476725	0.15042042	-0.02687941	0.02073211	-0.08940007	0.02467904	0.24198944	0.06903107	0.1410182	0.74729189	-0.27454518	0.88085771	-2.03962619	-0.50324598	-2.81634533	0.63691707	0.26011482	1.04389653	0.09936072	0.11821152	0.11397591	-0.05258917	0.03131163	-0.07369107	0.02187527	-0.04415727	0.00849453	0.01997654	0.0059891	-0.00748173	0.21494523	-0.13157022	0.04519422	0.03398775	-0.00949528	0.01197746	-0.00515856	0.00168033	-0.00501666	-0.00091506	-0.0072098	-0.00144236	-0.0038799	0.00817706	0.00019613	0.00368444	-0.00557387	0.00237829	-0.00117727	0.00797414	0.00209787	0.00216904	-0.00387282	0.00007152	0.00192794	0.00022193	0.00029335	0.00009308	0.00048739	0.00002767	-0.00006693	0.00013803	-0.0002079	0.00059251	-0.00026889	0.00065248	-0.00022768	0.00018267	0.00007955	-0.00071156	-0.00069054	-0.00010504	-0.00118877	-0.00137393	-0.00006193	0.00085722	0.00016089	0.00035021	0.00001138	0.00030575	0.00009174	-0.00019995	-0.00080794	-0.00067167	-0.00005547	0.0002177	0.00047431	-0.00044396	0.00021362	0.00027542	0.12102692	0.06975857	-0.04936956	-0.01213228	-0.02198889	0.0141202	0.12222055	0.10690994	-0.06479775	-0.15671614	0.08353901	-0.16763327	-0.03338929	-0.04091718	0.04880383	0.00882329	0.00249735	-0.01501554	-0.00448753	-0.00660022	0.00600512	0.00254677	0.00471966	0.00711267	0.00225706	0.0007538	0.00107511	0.00512579	0.00051935	0.00161953	0.00011169	-0.00008979	0.00032791	-0.00007674	-0.00000596	0.00035338	0.00018639	0.00003956	0.0005412	0.00011134	-0.00010133	0.0006836	0.08596703	-0.04231753	-0.02041895	0.00019412	0.00025501	0.00010091	-0.00041751	0.00023916	0.00040563	-0.00002322	-0.00021177	0.00012211	-0.00040973	0.00006214	-0.00028	0.00014417	0.0000177	0.00015898	-0.00006102	-0.00005535	0.00002985	0.00021046	0.00040413	0.0004499	0.00020335	-0.00008542	0.00004893
-0.07160493	0.1681069	0.04975829	0.00547436	-0.01504123	0.01330804	-0.01303586	0.04687254	0.00191377	-0.02965544	-0.09518267	-0.02116374	0.20624366	0.07195599	0.18403546	1.1788345	0.26692279	0.63691707	-3.44624877	0.29430521	-1.62265091	0.75588614	0.18257478	0.28741089	0.0081058	0.21753219	0.12311161	0.02088014	-0.05670893	-0.03610935	0.19209153	-0.07315548	0.14855271	1.2590308	-0.76144389	0.23220314	-0.00816668	0.04541727	0.02182633	0.00795726	-0.00775834	0.00386913	0.00177695	0.00410622	0.00063771	0.00319445	-0.00650854	0.00146312	-0.00675428	0.004094	0.00009674	-0.00140904	-0.00726852	-0.0057618	-0.0018953	0.00300508	0.00000194	-0.00172343	-0.00040891	-0.00041672	-0.00014655	-0.00068036	0.00034522	0.00017016	-0.00026968	0.00042909	-0.00077002	0.00025489	-0.00072046	0.00022813	-0.00010956	0.00003446	0.0015277	0.00123208	0.00040903	0.00126097	0.0010181	0.00037709	-0.00126867	-0.00003766	-0.0002368	-0.00018437	-0.00052463	-0.00013089	0.0003334	0.00121826	0.00126573	0.00011794	-0.00052404	-0.00049888	0.00040793	-0.0001049	0.00024332	-0.00565161	-0.01009858	-0.00970404	-0.00118317	0.00594299	-0.00671584	0.00074737	0.00764737	0.0186868	-0.00119887	0.0409642	-0.05132285	-0.17386868	-0.49972926	-0.23712965	0.03950522	-0.01745968	0.16230724	-0.00129798	0.00217489	-0.02018297	0.00140144	0.00783411	0.12176981	-0.00104596	-0.00847895	0.00143016	0.00129385	0.00051062	0.0007222	0.00012087	-0.00005583	0.00018783	0.00041767	0.00009367	0.00030982	0.00002155	0.00009667	-0.00017468	-0.00005018	0.000398	-0.00020827	-0.0203115	-0.13399254	-0.01616389	0.00014695	-0.00061746	0.00060854	0.00049822	-0.0001322	-0.00032274	0.00014392	0.00022554	-0.00008521	0.00049199	-0.00016865	0.00045278	-0.00033196	-0.00022485	-0.00003915	0.00024592	-0.00000114	0.00005276	-0.00026113	-0.00061383	-0.0005785	-0.00012615	-0.00006223	-0.00001332
0.06652502	0.27038176	0.17581425	-0.00696765	0.03777124	0.01621733	-0.01714112	0.03204006	-0.00406746	-0.04770708	-0.02438768	-0.02379107	-0.00053938	-0.11369774	-0.0405858	0.1442048	0.87431582	0.26011482	0.29430521	-5.43590987	-1.32747749	-0.00756844	2.24519031	0.62310797	0.43173134	-0.07736353	0.30741015	-0.12304349	0.36168127	0.02498957	-0.22847042	-0.25332387	-0.23525128	-0.49976545	1.49334843	-0.05363385	0.02455839	-0.00768203	0.03107985	-0.00215239	0.00100034	0.00218183	-0.00374274	0.00281883	0.0018073	0.00261224	-0.00320374	-0.0018707	0.00003418	-0.00080672	0.00042638	-0.00672296	0.01382163	-0.00330964	-0.00042791	0.00162083	-0.00022328	-0.00106175	0.00034741	0.00005452	0.00029142	0.00032952	-0.00009079	0.00002828	0.00000626	-0.0000067	0.00029136	0.00011386	0.0001886	-0.00016029	-0.00008263	-0.00024325	-0.00007554	-0.00037894	0.00014396	0.00016512	0.00118599	0.00020042	0.00043484	-0.00021038	-0.00022145	-0.00007539	0.0001392	0.00013603	-0.00008454	-0.00035047	-0.00038033	-0.00024172	0.0002439	0.00008893	0.00041165	-0.00039199	-0.0005554	0.02614608	0.02445666	0.02731645	0.00282586	-0.00011746	-0.00258155	-0.0221593	-0.02132501	-0.01576242	0.03510649	0.00167719	-0.01059562	0.11666618	0.46525486	0.2627747	-0.03076219	-0.06179312	0.02423071	-0.01014176	0.03248804	-0.00347144	0.03911529	-0.03745727	0.07280009	0.00608473	0.00528485	-0.00450369	0.00300439	-0.00156844	-0.00385252	-0.00011125	0.00023818	-0.000026	-0.00004021	0.00013777	-0.00006664	0.00005187	0.00013875	-0.00005837	0.00001798	-0.00007141	-0.0000957	-0.06105203	0.42357344	0.13768544	-0.00030519	0.0007364	-0.00102249	-0.00070753	0.00099109	0.00098677	-0.00014562	0.00007072	0.0000426	-0.00019347	0.00004277	-0.00018397	0.00006184	0.00021082	-0.00004593	-0.00021194	0.00012485	-0.00004306	0.00004545	0.0001423	0.00010617	-0.00013167	0.00019375	0.00014717
0.02222873	0.25099323	0.04489276	0.01678488	0.01246189	-0.00773551	-0.02229456	0.04383956	0.00852494	-0.00604871	-0.06114626	-0.07383837	0.15406248	0.00929588	0.11404349	0.58899785	0.35553893	1.04389653	-1.62265091	-1.32747749	-2.80372102	0.22427734	0.7624408	0.87955224	0.19932711	0.15336552	0.14067655	-0.05927647	0.06953582	0.0242829	0.09433664	-0.12549849	-0.02668719	0.32189839	-0.24738719	0.73199387	0.01256975	0.03301318	0.01206199	0.0057456	-0.00588242	0.00209504	-0.00217541	0.00616659	0.00218728	0.00431716	-0.00809875	0.00011412	-0.00619976	0.00341262	-0.00153689	-0.00163796	-0.00518974	-0.0052059	-0.00169057	0.0039713	-0.00002108	-0.00183877	-0.00025755	-0.00021137	0.00007225	-0.00044367	0.00011704	0.00020066	-0.00022159	0.00028815	-0.00041559	0.0002377	-0.00053376	0.00013624	-0.00021451	-0.00003229	0.00115669	0.00060993	0.00048134	0.00127414	0.00136324	0.00016099	-0.00069533	-0.00029997	-0.00038782	-0.0000965	-0.00042843	-0.00017271	0.00029532	0.00077548	0.0007759	0.00005674	-0.00037025	-0.00034326	0.00049873	-0.0002495	0.00006131	0.0053415	-0.00121211	0.00661789	-0.00804715	0.00009114	0.00563261	0.00753556	0.00540311	-0.0151445	-0.05236391	-0.0029333	0.04838496	-0.02613596	-0.17751393	-0.16802257	0.15904381	0.03395608	-0.06544583	-0.02465698	0.00322137	0.01378336	0.12852355	0.05550679	-0.04919363	0.00369183	0.00366221	0.00141939	0.00190786	0.00121334	0.0007218	0.00024754	-0.00016153	0.00017734	0.00040429	-0.00001554	0.0003266	0.00019947	-0.00013702	-0.00021373	0.00011436	0.00011376	-0.00012528	0.01713773	0.09387813	-0.0210353	-0.0000293	-0.00053465	0.0004368	0.0003531	-0.00004664	-0.00003203	0.00001798	0.00011006	0.00006536	0.00028934	-0.00014199	0.000302	-0.00016062	-0.00019546	0.00004142	0.00009348	0.00000505	0.00000284	-0.00011661	-0.00048358	-0.00044816	-0.00011321	0.00004723	-0.0000146
